  5    0.492 
  6    0.519 
  7    0.502 
  8    0.482 
  9    0.478 
 10    0.478 
 11    0.486 
 12    0.487 
 13    0.487 
 14    0.486 
 15    0.466 
 16    0.482 
 17    0.499 
 18    0.501 
 19    0.491 
 20    0.487 
 21    0.483 
 22    0.468 
 23    0.468 
 24    0.487 
 25    0.487 
 26    0.484 
 27    0.487 
 28    0.490 
 29    0.494 
 30    0.498 
 31    0.513 
 32    0.510 
 33    0.492 
 34    0.492 
 35    0.494 
 36    0.487 
 37    0.476 
 38    0.476 
 39    0.471 
 40    0.466 
 41    0.444 
 42    0.460 
 43    0.456 
 44    0.448 
 45    0.453 
 46    0.469 
 47    0.452 
 48    0.437 
 49    0.426 
 50    0.434 
 51    0.437 
 52    0.437 
 53    0.444 
 54    0.439 
 55    0.426 
 56    0.427 
 57    0.439 
 58    0.458 
 59    0.466 
 60    0.450 
 61    0.438 
 62    0.417 
 63    0.406 
 64    0.406 
 65    0.420 
 66    0.411 
 67    0.409 
 68    0.398 
 69    0.398 
 70    0.412 
 71    0.433 
 72    0.450 
 73    0.466 
 74    0.469 
 75    0.482 
 76    0.482 
 77    0.501 
 78    0.509 
 79    0.511 
 80    0.489 
 81    0.467 
 82    0.449 
 83    0.446 
 84    0.441 
 85    0.440 
 86    0.432 
 87    0.437 
 88    0.437 
 89    0.459 
 90    0.484 
 91    0.502 
 92    0.502 
 93    0.491 
 94    0.484 
 95    0.486 
 96    0.486 
 97    0.486 
 98    0.470 
 99    0.444 
100    0.438 
101    0.431 
102    0.426 
103    0.433 
104    0.424 
105    0.426 
106    0.409 
107    0.417 
108    0.439 
109    0.436 
110    0.443 
111    0.457 
112    0.457 
113    0.457 
114    0.457 
115    0.468 
116    0.476 
117    0.474 
118    0.466 
119    0.464 
120    0.472 
121    0.472 
122    0.486 
123    0.481 
124    0.486 
125    0.489 
126    0.489 
127    0.490 
128    0.491 
129    0.474 
130    0.477 
131    0.477 
132    0.466 
133    0.466 
134    0.439 
135    0.440 
136    0.451 
137    0.447 
138    0.450 
139    0.450 
140    0.452 
141    0.468 
142    0.459 
143    0.482 
144    0.484 
145    0.473 
146    0.477 
147    0.482 
148    0.464 
149    0.466 
150    0.466 
151    0.459 
152    0.459 
153    0.449 
154    0.464 
155    0.458 
156    0.466 
157    0.484 
158    0.483 
159    0.486 
160    0.502 
161    0.484 
162    0.470 
163    0.473 
164    0.459 
165    0.458 
166    0.458 
167    0.440 
168    0.422 
169    0.426 
170    0.427 
171    0.448 
172    0.444 
173    0.451 
174    0.452 
175    0.452 
176    0.454 
177    0.470 
178    0.467 
179    0.470 
180    0.458 
181    0.440 
182    0.456 
183    0.451 
184    0.432 
185    0.438 
186    0.437 
187    0.423 
188    0.437 
189    0.452 
190    0.457 
191    0.439 
192    0.427 
193    0.438 
194    0.446 
195    0.424 
196    0.421 
197    0.421 
198    0.419 
199    0.409 
200    0.419 
201    0.420 
202    0.424 
203    0.428 
204    0.444 
205    0.461 
206    0.461 
207    0.461 
208    0.484 
209    0.491 
210    0.502 
211    0.500 
212    0.492 
213    0.500 
214    0.496 
215    0.491 
216    0.487 
217    0.482 
218    0.460 
219    0.464 
220    0.466 
221    0.464 
222    0.447 
223    0.447 
224    0.443 
225    0.447 
226    0.436 
227    0.459 
228    0.458 
229    0.437 
230    0.426 
231    0.424 
232    0.412 
233    0.397 
234    0.392 
235    0.391 
236    0.390 
237    0.369 
238    0.390 
239    0.390 
240    0.390 
241    0.406 
242    0.427 
243    0.410 
244    0.427 
245    0.412 
246    0.419 
247    0.407 
248    0.422 
