  5   -1.633 
  6   -1.889 
  7   -1.600 
  8   -1.356 
  9   -1.244 
 10   -1.244 
 11   -1.256 
 12   -0.800 
 13   -0.889 
 14   -1.344 
 15   -1.100 
 16   -1.478 
 17   -1.767 
 18   -1.556 
 19   -1.133 
 20   -1.478 
 21   -1.611 
 22   -1.011 
 23   -1.011 
 24   -1.711 
 25   -1.622 
 26   -1.922 
 27   -2.244 
 28   -2.600 
 29   -2.256 
 30   -2.122 
 31   -2.633 
 32   -2.522 
 33   -1.600 
 34   -1.689 
 35   -1.389 
 36   -0.389 
 37    0.467 
 38    0.378 
 39    0.033 
 40    0.622 
 41    0.911 
 42    0.311 
 43    0.056 
 44    0.067 
 45   -0.611 
 46   -1.122 
 47   -0.744 
 48   -0.156 
 49   -0.456 
 50    0.111 
 51   -0.211 
 52   -0.211 
 53   -0.311 
 54    0.367 
 55    0.922 
 56    1.144 
 57    0.511 
 58   -0.189 
 59   -0.156 
 60    0.811 
 61    1.444 
 62    1.267 
 63    0.967 
 64    0.967 
 65    0.156 
 66    1.056 
 67    1.378 
 68    1.078 
 69    1.078 
 70    0.489 
 71    0.756 
 72    0.378 
 73   -0.589 
 74   -0.700 
 75   -1.256 
 76   -1.256 
 77   -1.956 
 78   -1.922 
 79   -1.622 
 80   -1.222 
 81   -0.733 
 82    0.189 
 83    0.300 
 84   -0.044 
 85   -0.256 
 86   -0.144 
 87   -1.033 
 88   -1.122 
 89   -1.611 
 90   -1.967 
 91   -2.889 
 92   -2.889 
 93   -2.033 
 94   -1.722 
 95   -1.767 
 96   -1.767 
 97   -1.978 
 98   -1.378 
 99   -1.022 
100   -0.956 
101   -0.644 
102   -1.422 
103   -1.433 
104   -0.533 
105   -0.322 
106    0.267 
107   -0.233 
108   -0.722 
109   -0.367 
110   -0.378 
111   -0.100 
112   -0.189 
113   -0.189 
114   -0.189 
115   -0.778 
116   -0.878 
117   -1.089 
118   -0.811 
119   -1.111 
120   -1.122 
121   -1.033 
122   -1.589 
123   -1.844 
124   -1.844 
125   -1.711 
126   -1.711 
127   -1.489 
128   -1.489 
129   -1.200 
130   -1.611 
131   -1.911 
132   -1.056 
133   -1.056 
134   -0.800 
135   -0.500 
136   -1.356 
137   -1.400 
138   -1.133 
139   -1.133 
140   -1.244 
141   -1.756 
142   -1.511 
143   -1.811 
144   -2.222 
145   -1.367 
146   -1.322 
147   -1.867 
148   -0.944 
149   -0.489 
150   -0.489 
151   -0.144 
152   -0.144 
153    0.278 
154   -0.233 
155    0.078 
156   -0.022 
157   -0.489 
158   -0.944 
159   -1.356 
160   -1.644 
161   -1.278 
162   -0.889 
163   -0.844 
164   -0.456 
165   -0.667 
166   -0.667 
167    0.256 
168    1.178 
169    1.222 
170    1.144 
171    0.444 
172    0.100 
173    0.211 
174    0.511 
175    0.511 
176    0.556 
177    0.044 
178   -0.089 
179    0.178 
180    1.033 
181    1.700 
182    1.189 
183    0.844 
184    1.311 
185    0.767 
186    0.467 
187    1.111 
188    0.467 
189   -0.500 
190   -0.311 
191    0.056 
192    0.689 
193   -0.167 
194   -0.267 
195    0.022 
196   -0.244 
197   -0.244 
198   -0.133 
199   -0.389 
200   -0.744 
201   -0.522 
202   -0.267 
203   -0.133 
204    0.467 
205    0.178 
206    0.178 
207    0.389 
208   -0.000 
209   -0.311 
210   -1.167 
211   -1.378 
212   -1.767 
213   -2.767 
214   -3.111 
215   -3.367 
216   -3.622 
217   -3.878 
218   -3.278 
219   -3.022 
220   -3.022 
221   -2.089 
222   -1.167 
223   -1.167 
224   -0.811 
225   -0.767 
226    0.089 
227   -0.511 
228   -0.722 
229   -0.433 
230   -0.733 
231   -0.956 
232   -0.322 
233   -0.033 
234   -0.033 
235   -0.256 
236   -0.256 
237    0.444 
238    0.156 
239    0.156 
240    0.156 
241   -0.433 
242   -1.033 
243   -0.333 
244   -0.922 
245   -0.111 
246   -0.000 
247    0.856 
248    0.267 
